0 -0.4836946 0 0 1
0 -0.4836946 0 0 1
1 -0.8790232 0 1 1
1 -0.4836946 0 1 1
1 -0.4836946 0 1 1
0 1.492949 0 2 1
0 0.3069627 0 2 1
0 0.3069627 0 2 1
0 1.229396 0 2 1
0 0.5705151 0 2 1
0 0.5705151 0 2 1
1 -0.2201421 0 0 1
1 -0.2201421 0 0 1
1 -0.2201421 0 1 0
0 -0.747247 0 3 1
0 -0.747247 0 3 1
1 -0.4836946 1 1 0
1 -0.4836946 1 1 0
1 0.8340675 1 1 0
1 0.8340675 1 1 0
1 -0.2201421 1 3 1
1 0.8340675 1 1 1
1 0.8340675 1 1 1
1 0.8340675 1 1 1
1 0.8340675 1 1 1
1 0.8340675 1 1 1
1 0.8340675 1 1 1
1 0.8340675 1 1 1
1 0.8340675 1 1 1
1 0.8340675 1 1 1
0 -0.3519183 0 2 1
0 -0.3519183 0 2 0
0 -0.4836946 0 2 1
0 -0.4836946 0 2 1
0 -0.4836946 0 2 1
0 -0.4836946 0 2 1
0 -0.4836946 0 2 1
0 -0.4836946 0 2 1
1 -0.08836592 1 1 0
1 -0.08836592 1 1 0
1 0.1751865 1 0 1
1 0.8340675 1 1 1
1 -0.4836946 1 1 0
1 -0.2201421 1 1 1
1 -0.2201421 1 1 1
1 1.888277 1 1 1
1 1.888277 1 1 1
1 0.9658438 0 1 1
1 0.9658438 0 1 1
1 0.9658438 0 1 1
1 0.9658438 0 1 1
1 -0.2201421 1 1 0
1 -0.2201421 1 1 0
0 -0.08836592 1 1 0
0 -0.08836592 1 1 0
0 -0.08836592 1 1 0
0 -0.08836592 1 1 0
0 -0.3519183 0 1 1
0 -0.3519183 0 1 1
0 -0.3519183 0 1 1
0 -0.3519183 0 2 1
0 -0.3519183 0 2 1
0 -0.3519183 0 2 1
1 -0.6154708 1 1 1
1 -0.6154708 1 1 1
1 -0.6154708 1 1 1
1 0.8340675 1 1 1
1 1.492949 1 1 1
0 -0.747247 0 2 1
0 -0.747247 0 2 1
1 -0.08836592 1 2 1
1 -0.08836592 1 2 1
1 -0.08836592 1 2 1
1 -0.08836592 1 2 1
1 -0.08836592 0 3 1
0 -1.142576 0 1 1
0 -1.142576 0 1 1
0 -1.142576 0 1 1
0 -1.142576 0 1 1
0 -1.142576 0 1 1
0 -1.142576 0 1 1
1 -0.6154708 0 1 1
1 -0.6154708 0 1 1
1 -0.6154708 0 1 1
0 -0.747247 0 3 1
0 0.4387389 0 1 1
0 0.4387389 0 1 1
0 0.4387389 0 1 1
0 0.4387389 0 1 1
0 -0.747247 0 1 1
0 -0.747247 0 1 1
0 -0.747247 0 1 1
0 -0.747247 0 1 1
0 -0.2201421 0 3 0
1 0.9658438 0 1 1
1 0.9658438 0 1 1
1 0.9658438 0 1 1
1 0.9658438 0 1 1
1 0.9658438 0 0 1
1 -0.747247 1 1 1
1 -0.747247 1 1 1
1 -0.747247 1 1 1
1 -0.747247 1 1 1
1 -0.747247 1 1 1
1 -0.747247 1 1 1
1 -0.747247 1 1 1
1 -0.747247 1 1 1
1 -0.8790232 1 1 1
1 -0.8790232 1 1 1
1 -0.8790232 1 1 1
1 -0.8790232 1 1 1
1 -0.8790232 1 1 1
1 -0.8790232 1 1 1
1 -1.010799 1 1 1
1 -1.010799 1 1 1
1 -1.010799 1 1 1
1 -1.010799 1 0 1
1 -1.010799 1 0 1
1 -1.010799 1 1 1
1 -1.010799 1 0 1
1 -1.010799 1 0 1
1 -0.747247 1 1 1
1 -0.747247 1 1 1
0 0.1751865 1 3 1
0 0.1751865 1 3 1
0 -0.747247 1 4 1
0 -0.747247 1 4 1
0 -0.747247 1 4 1
1 0.1751865 1 1 0
1 -0.4836946 1 1 0
1 3.469592 0 1 0
1 3.469592 0 1 0
1 3.469592 0 1 0
1 3.469592 0 1 0
1 3.469592 0 1 0
1 3.469592 0 1 0
1 3.469592 0 1 0
1 3.469592 0 1 0
1 -0.2201421 1 1 0
1 -0.2201421 1 1 0
1 -0.2201421 1 1 0
1 -0.2201421 1 1 0
1 -0.2201421 1 1 1
1 -0.2201421 1 1 1
1 -0.2201421 1 1 1
1 -0.2201421 1 1 1
1 0.8340675 1 1 1
1 -0.08836592 0 1 1
1 -0.08836592 0 1 1
1 0.3069627 1 1 1
1 0.3069627 1 1 0
1 -1.010799 0 1 1
1 -1.010799 0 1 1
1 -1.010799 0 1 1
1 0.7022913 1 1 0
1 0.7022913 1 1 0
1 0.1751865 1 1 0
1 0.1751865 1 1 0
1 0.1751865 1 1 0
1 0.1751865 1 1 0
1 0.1751865 1 1 0
1 0.1751865 1 1 0
1 -0.2201421 1 1 0
1 -0.2201421 1 1 1
1 -0.747247 1 1 1
1 -0.747247 1 1 1
1 -0.747247 0 1 1
1 -0.747247 0 1 1
1 -0.747247 0 1 1
1 -0.747247 0 1 1
1 -0.747247 0 1 1
1 0.04341029 1 5 1
1 0.04341029 1 1 1
1 0.04341029 1 1 1
1 0.04341029 1 1 1
1 0.04341029 1 1 1
1 -0.3519183 0 1 1
1 1.09762 0 1 1
1 -0.08836592 1 1 1
1 -0.08836592 1 1 1
1 -0.08836592 1 1 1
1 -0.08836592 1 1 1
1 -0.08836592 1 1 1
1 -0.08836592 1 1 1
1 -0.747247 0 1 0
1 -0.747247 0 1 0
1 -0.747247 0 1 0
